130.25
130.5
130.25
131.25
130.5
131.25
131.25
131
131.25
131.75
132
132.75
131.25
134.25
133.5
133.5
132.5
132.25
132.5
131.5
131.5
133.5
131.75
131.5
130.75
131.5
132.25
131.75
132.5
131.25
129.5
130.25
131
131
131.75
132.75
129.5
128.25
129.5
131.25
132.75
134
133.75
132.5
132.5
134.5
135.5
135.75
137
138
138
138.25
138.75
137
136.25
138
138
137
136
135.25
134.75
134
134
133
134.5
136
138.25
139.5
140.5
140.5
139
139.75
140
140.25
141.5
136.5
136
147.5
132.25
130.25
127.5
127
130.25
132
134.5
132.5
132
128
124.5
125.5
126.75
125
126.5
128.5
127.25
127
127.5
127.75
126.75
127.75
129
127.25
127.5
128.25
130.25
130.5
131
128.75
128
127.25
127
125.75
127
128.75
129.5
128
126.5
128.5
129
128.75
130.5
130.25
129
128.25
128.5
129.25
131.75
131
131.75
131.25
130.5
132
132
130.75
131.5
131.75
129.75
130.25
131.75
129.75
131.5
131.5
132.25
133.75
136
135.25
129.75
132.75
129.25
130.75
130
129
130.75
132.75
130.5
131
132.25
134
135
133.25
134.5
132.25
131.75
129.25
127.75
128.25
128.25
127.25
129.75
130
130
129
128
128.5
127
127.25
128.5
128.5
127.5
123.75
126.25
126.25
127.25
125.5
126
128.5
129.5
126.25
126.25
126
126.5
125
127
127.5
125.25
127
128.25
129.75
130
128
129.25
131.5
131.25
128
129.75
130.75
129.5
131.75
135.25
137.75
139
140.75
137.25
136
137.75
140.75
136
132.25
134
133.25
133.25
132
127
125.75
126.5
125.5
123.5
125.5
127
127
125
126.25
126.5
123
122
122.75
128.75
130
130
128
126.5
128.75
126.25
125
122.75
121.75
121.75
124
125
124.25
124.75
121
122.5
122.75
123.25
124
125.25
125.75
127.25
128.75
128.5
129.5
126
127.25
129.25
130
130.25
128.75
130
132.5
137.75
136
136.25
139.5
139.5
133.75
134.25
132.25
131.75
132
125.75
134
139
141.5
144
146
146
144.25
144
144.75
143
141.5
138.5
139.5
138.75
137.25
138.75
143
144.75
145.25
146.5
142
141.25
139.75
135.5
131.5
133
133.75
133.75
134.25
133.5
124.5
127.5
125.25
121.5
118.25
118.75
115.5
115.75
120.25
122.75
125
128.25
129.75
124.5
123.75
128
126.25
122.5
126.75
129
129
129
128.75
128.5
131
130.75
132.5
130.75
128.25
131.25
131
132.25
134.25
139.25
141.5
140
144.25
148
150.75
150.75
151.75
151
151.25
151.75
152
152
150
150.75
152.25
151.5
153.5
152
149
145.5
141.25
139.75
139.25
137.5
135
139
141.75
144.75
145.75
144
143.75
143
143.75
153
156
157.5
159.25
161.5
162.75
162.5
163
162.25
162.25
161.75
162.5
160
157.5
154.5
152.75
149.75
149.25
148
144.75
140.5
140
143
143.5
139.25
136.5
137.5
136.75
136.5
136
131.5
130
129
125
134
138.5
139.25
135.75
133.5
137
137.25
138.25
141.5
141.25
141.75
138.25
137.75
133
139.25
135.25
133.75
136.25
140.25
140.75
139.25
139
140.75
140.75
140
136.75
136.25
136.5
137
135.5
135.25
136.75
139.5
141.75
142.75
143
141.75
142
