71
58
39
35
34
33
32
32
32
32
32
32
32
32
32
32
32
32
32
32
32
32
32
32
32
32
32
32
32
32
32
32
32
32
32
33
33
36
39
41
45
46
51
56
57
60
58
56
55
52
48
47
47
47
49
52
59
63
65
78
96
112
123
143
183
208
229
245
252
253
255
255
255
255
255
255
255
255
255
255
255
252
242
221
205
167
97
74
61
40
37
36
33
32
32
32
32
32
32
32
32
32
32
32
32
32
32
32
32
32
32
32
32
32
32
32
32
32
32
32
32
32
32
32
32
32
32
32
32
32
32
32
32
32
33
35
37
40
49
58
70
86
105
128
154
182
209
232
247
253
255
255
255
255
255
255
255
255
255
255
255
255
255
255
255
255
254
254
248
228
170
112
95
64
45
35
34
33
32
32
32
32
32
32
32
32
32
32
32
33
36
40
45
49
54
57
62
69
71
79
86
88
98
112
119
127
139
146
163
171
181
201
211
219
224
225
226
221
212
206
193
169
160
142
106
80
64
54
38
36
34
32
32
32
32
32
32
32
32
32
32
32
32
32
32
32
32
32
32
32
32
32
32
32
32
33
34
35
35
35
35
35
36
37
39
41
42
43
45
47
50
54
57
64
76
91
122
138
161
207
224
236
255
255
255
255
255
255
255
255
255
255
255
255
255
255
255
255
255
255
255
239
191
131
97
76
44
38
35
34
33
32
32
32
32
32
32
32
32
32
32
32
32
32
32
32
32
32
32
32
32
32
32
32
32
32
32
34
34
36
37
39
41
43
47
49
51
52
56
59
60
62
63
63
63
63
63
63
63
64
66
68
70
74
75
80
92
111
129
152
176
191
201
229
250
255
255
255
255
255
255
255
255
255
255
255
255
255
252
249
228
180
128
95
75
44
38
36
34
32
32
32
32
32
32
32
32
32
32
32
32
32
32
32
32
32
32
32
32
32
32
32
32
32
33
34
36
36
36
37
37
37
36
36
37
37
38
40
40
39
39
38
37
37
37
38
38
38
38
38
