-5.663656381951705 -4.725959700706158 4
 5.145254454386019 -5.107108054278919 3
 8.104472755716616 -4.752925748983811 3
 -6.649646888510489 0.2718391840609891 2
 5.508629338405532 -0.93722176081312 1
 1.312213022788323 6.415568843690408 1
 5.804905145493133 -11.51095835894005 3
 1.996788984155732 3.422390166599907 1
 6.70406851925701 -6.265137267822312 3
 0.3127354566141329 5.815969263896084 1
 12.24982241006448 -1.176650563506807 3
 -8.182846826474911 -6.745482053954312 4
 3.149688749133622 4.399497384570936 1
 -4.706105486046963 -5.233101403945501 4
 10.3624367293051 -2.494816972259333 3
 -5.989120689827357 -6.344892689663675 4
 -2.088069446031692 5.735221157043024 2
 -5.828315235282919 -5.326481622864617 4
 -7.458611190982316 -5.620371296808001 4
 -6.285622798462901 1.914238019250756 2
 -6.186522195957422 -4.930137813533371 4
 -2.706478786040937 5.014552273291154 2
 1.667806966560208 -5.466642259675799 3
 -2.583554224213221 3.104437700709475 2
 5.625121687474419 2.992201648460426 1
 -5.779080063289128 -7.136594585894715 4
 -6.391590564021778 -5.630934309903761 4
 9.643735146759838 -1.629479421986237 3
 1.009297394987033 5.243026012977906 1
 6.791162240569054 1.733501221279764 1
 -5.943861255836581 -6.104453974844209 4
 7.38717118462626 -5.929411811388987 3
 1.88002274360401 -3.76370253037958 3
 13.72689717038736 -2.561484402670121 3
 1.049668615273901 6.384500382285999 1
 3.86366984075083 6.274434745828317 1
 0.2273744370180222 -1.756644388096311 3
 5.735332439872723 3.381474434222346 1
 -5.970173639928238 -7.041859581377222 4
 -5.851307234766759 -6.638592469370397 4
 4.079339730775171 -6.562836983123985 3
 -5.534100777997983 -4.796503642687759 4
 -4.295242250854725 2.681996873324912 2
 2.452779887800139 -4.368378015188243 3
 -6.524607912480688 -4.67874256964329 4
 0.06597868326274936 4.936358716536771 1
 5.991619942132367 2.946000384944409 1
 -4.647154364346889 -4.825202019623561 4
 6.678684341776776 5.100609306982865 1
 8.46205569190796 -7.36202398618124 3
 -6.331148518394252 -7.604415097329364 4
 3.435647557914661 4.01193818898022 1
 -5.823515535823174 1.398342125006913 2
 -0.5118017315044099 5.47456071767343 1
 3.2746208469048 -2.975744146834344 3
 5.284000056414784 -7.354342244256548 3
 -4.631626804671139 -7.704858683547914 4
 5.728525243810346 -6.641785235975014 3
 4.811167511526825 -5.694062783078656 3
 -5.313753942492338 -5.184141235688616 4
 -4.516352797826948 5.121829201130406 2
 5.766390375253003 -1.580686404767829 1
 2.978032370144474 2.42626201489679 1
 -5.749907718893519 -6.812853379221676 4
 3.627471739651547 5.113162490541969 1
 -4.765457592746156 -5.35376520170149 4
 -5.842964240512626 -5.704221073846768 4
 7.350179131761201 -6.267151896787596 3
 -4.952199601787335 -6.658152265790616 4
 2.376948375216382 3.965852684634328 1
 -5.87470033944123 -6.75831675970173 4
 4.042517505648055 2.697954816268222 1
 -2.459551503120308 5.916269023064079 2
 -4.803947613682627 -6.639843518295085 4
 -5.790074177522124 -5.18448309707168 4
 -4.752256430303419 3.261027969116035 2
 7.510417675355049 -4.211352123665197 3
 -6.410938806477635 -6.881405279489053 4
 -6.102893407111148 -6.777947680175513 4
 5.651402367314277 0.320500514791338 1
 5.358544030764523 3.422133515486991 1
 -4.882812645837936 -7.165622505282267 4
 -6.739381054624405 -6.727531628364785 4
 -5.388668609710319 -7.744567959138502 4
 -6.120093545133466 -5.159313926093588 4
 -5.34712435875057 2.601872624905067 2
 -6.597019170490849 -5.612995101173247 4
 -4.942032636875028 -5.45817554063235 4
 -6.428608413183857 -5.685542147461247 4
 -2.846680517460355 5.075018702221944 2
 -3.226541333353315 4.561699897329515 2
 -0.789355523144501 5.62553848389544 2
 -7.433405061391113 -5.605862374265548 4
 -5.383102490898672 -7.139455889969069 4
 7.399459926454076 -8.46350269585119 3
 -1.384416643420044 5.675227602694309 2
 -4.904889181576911 5.158665346548151 2
 6.637764902725172 -7.314042600624742 3
 -7.019911144116543 -7.149644994179762 4
 -0.5398629691209866 6.466870740198511 2
 -2.823861791075744 6.828227384990055 2
 -6.865064281258342 1.74986570820229 2
 -5.153488610332184 -6.869096357346482 4
 5.318086663009894 -14.42630898492809 3
 -5.603924562063449 -5.905524223249089 4
 1.459834524336954 6.499329857587145 1
 1.021229344617879 -0.1289408971996199 3
 10.81417403857584 -1.80958915496644 3
 -6.167036555891533 -4.193145445605326 4
 7.565102686087316 -11.00157862658911 3
 2.081979080789966 -4.560404398981195 3
 -5.785438743504372 5.19185228439355 2
 -2.211487705934903 5.757747069195213 2
 4.042849302409315 3.553784972212429 1
 -2.83142978196841 6.151228020507725 2
 2.452501748013314 5.296828512612576 1
 7.154928637428248 -10.57336919911629 3
 9.854477847476117 -1.434196217191595 3
 0.274912938542448 -2.739728763788624 3
 -6.12280570416969 -6.539077043951506 4
 4.218980626373686 4.791664803926818 1
 -6.727746421458925 -5.793959275263107 4
 -5.875605824647983 -6.171672348755661 4
 -1.03239123312446 4.848562665429434 1
 -7.15718522480772 -6.037783688079635 4
 -5.596004917815167 2.83415486757684 2
 -3.170392547311196 5.312765959241521 2
 6.456520129184322 1.917398676396132 1
 -6.242831729962129 -6.782664652744709 4
 -7.599046792433237 -4.742579029671502 4
 3.08525714292229 5.721774943382269 1
 -0.0556733071684814 7.066739082738454 1
 2.868024552623765 5.485960498042109 1
 -4.30372616565469 5.553580237461839 2
 -0.2569865469454481 4.953033560362345 2
 3.575759709693126 5.366936446991019 1
 5.477792649200494 -9.678731986726987 3
 -4.410408866943907 3.738754524465674 2
 -6.474622516447099 -5.769174003494868 4
 -6.669569908682731 -7.999789231855725 4
 -6.965457152025907 -5.048784960648862 4
 4.725039127071782 -8.369610418095565 3
 -5.220780144747024 -5.905851275627009 4
 6.423569030644577 0.9261808535937359 1
 5.488110571955185 -11.0711117703696 3
 4.159993002750561 3.151884240231312 1
 10.57279411565165 -3.246192005449585 3
 9.453262375974402 -4.645531042004481 3
 -5.222184014487151 1.407466964433481 2
 5.44928619507485 5.003190721606988 1
 -8.063120455516597 -5.943400866364833 4
 4.906265574213162 -10.48323776439978 3
 -5.454102631219889 -6.16297953783909 4
 -1.634912299857232 5.667095731319138 2
 -3.419022820393251 5.381838783181633 2
 -5.488252443754478 2.64241280157773 2
 -0.9354521355440102 5.66257451578011 1
 9.106761328024401 -5.16785441486994 3
 5.336996246718102 -12.36237333400094 3
 3.518498089719818 3.757155279950971 1
 -5.421748733264137 -5.68675476619014 4
 -4.495656754353955 -5.173672055798973 4
 2.350802783305477 3.94115578390443 1
 5.525142080602769 1.413921619266648 1
 0.8931826412828416 -1.731819087034283 3
 -5.572260137685874 -5.32403289285473 4
 -2.684181259302798 4.714041584108052 2
 4.579221889389114 6.138520491705864 1
 2.897402336082437 4.735973625197317 1
 -6.08614654474713 -6.089579506273251 4
 -6.063112633590071 3.764083161975869 2
 3.649084217234742 3.867659780570695 1
 -2.99055816947571 3.967516028099357 2
 -4.164142967453161 -7.031235020269151 4
 -0.6310495508484008 6.639206777985993 2
 -6.502337945196405 0.4784220803303133 2
 -6.305991409531247 2.692058742274828 2
 3.272718151104458 4.593410345303027 1
 -7.196902530390991 -6.859722713627601 4
 2.666141854961775 -4.611846779965036 3
 -6.962080794236575 -5.209816633322744 4
 -5.471581235242074 -4.113871260566652 4
 -5.184056237582219 1.826454741344273 2
 -2.122123606109628 5.940761435032513 2
 -6.673251672077742 -4.767422145165866 4
 3.428291428710598 -4.939886631435368 3
 4.782567317407889 3.493791412383063 1
 -5.556688281514358 -4.051715238732854 4
 -0.2784037880876828 5.469303567163331 2
 -4.242219750034463 4.284902817745235 2
 7.446699197953987 -0.05709914947698291 1
 -5.281481060844775 -5.036036285832656 4
 -5.758603788867511 -0.8911991067649914 2
 1.676045032846228 -3.041942575962789 3
 -0.2055761133283986 -0.81463995207211 3
 -6.803731903449535 -6.1522616296301 4
 6.722042715520425 -4.146857307272558 3
 -0.324606921795517 6.44136602106039 1
 5.35110002143838 1.483175614889521 1
 5.527541837859362 1.528058348506975 1
 6.521828968982162 1.435593159142746 1
 -1.204421735410095 6.109768108440389 2
 5.619950389291609 2.073016339186192 1
 4.383510673892474 -13.06729773676514 3
 4.047495197697838 6.098005779687446 1
 -1.027273182534799 6.075758501165149 2
 4.695999219952493 4.301064170795533 1
 -5.151341798340173 5.328642858238172 2
 2.178525629571018 -0.7475124376035178 3
 -5.561026034444653 -6.367238855758794 4
 -6.576530369317351 -5.462808414802602 4
 5.3569711328089 5.885379003708016 1
 -7.49132656391371 -5.360619527105782 4
 5.738897544005347 4.200615589473093 1
 5.414125428598018 -14.69419311098022 3
 -6.309707147668447 0.5751934614813514 2
 2.600051394885291 5.587110809816361 1
 10.1295172474085 -4.079647059683317 3
 -6.102674591633892 -6.747676607825311 4
 0.07593704520155289 -0.677935617070622 3
 -5.253078872344796 -7.224725437009453 4
 -3.815448823719147 3.798834063157455 2
 3.423402578562413 7.243088429378291 1
 5.296344415432362 -14.12728436661321 3
 -6.251431106106091 -5.406839683383079 4
 -7.601163402514201 -6.264140210730457 4
 4.821798317808113 1.736250331547886 1
 -7.179048466525327 -6.04845273456518 4
 10.75311265261093 -1.950090972845489 3
 -6.615352974539251 -6.596525116510829 4
 -6.336664393636889 -7.8619632097544 4
 0.1719808529955683 -0.2774387696217528 3
 8.876992293427907 -5.447601790154081 3
 -6.93921264811288 0.2119509653019765 2
 2.007968802721015 2.851827077887402 1
 7.404334496574226 -14.8818683660822 3
 -5.912046036767839 -6.186043208155141 4
 1.470073438759385 -3.986357905305006 3
 -4.308748800060108 -6.675491351506478 4
 6.206026325142751 -6.743424440729061 3
 -3.371797403193304 3.941714488684215 2
 5.976352744846176 -11.6435404671848 3
 -5.32415867675184 -5.694327935845083 4
 -6.678109310308635 -6.688433823168427 4
 -3.919982335338578 2.984124204726652 2
 -5.896764744867334 1.9437666168829 2
 -6.196911884989316 -6.314740014302136 4
 -2.551001644252597 5.123739864570372 2
 -6.43881885062431 3.716887238298615 2
 -2.347523521024109 6.845671682693653 2
 -5.568217196320687 -6.080025853138411 4
 3.938960989472558 2.07347827583818 1
 -5.342545305354113 -5.137392349906516 4
 -6.60256917234729 -4.659435410339654 4
 -6.413396304705015 -7.797040585302206 4
 -8.284111085565048 -5.533675400810154 4
 -2.552089528522219 4.90297545340624 2
 2.700446135532274 5.175696461226694 1
 -4.850950020653187 0.8787810424517248 2
 -5.778056022653907 -6.655417661931182 4
 -4.348232542061787 4.321873609384341 2
 -6.224177464158524 -5.634138835194896 4
 1.725929319516289 6.054805690387491 1
 -5.393382161620128 -7.587262671031583 4
 5.356655288755572 0.04705678500264077 1
 1.794224682272598 5.213669860955171 1
 -6.61666106349307 -7.941711421173244 4
 -0.717021152703524 -3.508209607410135 3
 -7.394255370132712 -6.095915378066247 4
 -4.118496864163459 3.615866796324198 2
 -4.791255610292139 4.291621814215723 2
 4.550068055442983 -7.306678909832704 3
 9.951814505313118 -6.224519813705264 3
 11.95903693685458 -2.234802203508792 3
 -4.006958357808607 4.261221115329243 2
 -4.412098613599848 3.181101548965211 2
 8.759661859330308 -6.278636162050347 3
 -5.070537361582127 2.990194999961574 2
 4.347171552248241 3.024842648294054 1
 3.610350195125996 -4.826976702820892 3
 -6.004198253277245 -5.443273151259202 4
 -5.960070428806597 5.028711683694746 2
 2.700442309305694 -2.331369684936491 3
 -4.630436276450439 -0.766917185383897 2
 -3.729823903551654 5.109315133831251 2
 2.553718348727475 3.271580709280876 1
 4.739005102717753 1.324993735978406 1
 -5.537061198532185 2.952663743716225 2
 3.781691493628436 6.008463700646602 1
 -4.140462762740492 -7.247728333357896 4
 -5.381262832370668 -7.54244083444673 4
 2.733515485246145 5.185646432158944 1
 6.456553123100836 -11.11891714473758 3
 4.577768331134774 2.205796302194186 1
 3.680151238341213 -7.451465581870321 3
 2.813001656305579 5.249607386881514 1
 3.20719425368832 -4.248371471456898 3
 -6.669360547320677 -4.615142941705841 4
 4.946623251575263 6.453934557553712 1
 -6.225640430723574 -4.827918050589142 4
 -3.756570171065563 4.784147129768058 2
 6.151342996561249 -0.860719971599252 1
 8.772731720399594 -4.799984375894933 3
 4.425670850075099 -5.854760135176028 3
 4.595040172824327 6.43368390265322 1
 -6.120340275827579 1.568327203642259 2
 11.31014206971169 -3.337605884024935 3
 12.74210594032395 -2.720288203684897 3
 -5.386508745743826 4.201748986387201 2
 0.01108298199447955 6.083788440525313 2
 10.83481121693528 -3.309384551933082 3
 5.048315377240854 4.402237584725084 1
 5.580907925982541 4.412170667952831 1
 5.991865776218377 3.072188061706643 1
 4.3062660747756 6.275816622990225 1
 -4.625714365577791 3.238263027841012 2
 -7.112297239059916 -0.2903563026676587 2
 5.561382634955012 1.326410583614274 1
 -4.097312975688475 1.247012460294988 2
 -4.465106541956855 -7.985305248406112 4
 -5.537483645191709 2.522548919065057 2
 11.08371883005425 -4.067555634266786 3
 3.149529331114526 5.871540482524631 1
 2.783117567859926 6.001672594800437 1
 -4.501545922713049 3.075472934000148 2
 4.928521209453391 -11.80988378866002 3
 -0.8127755721313195 4.195466420255046 2
 4.387287757298146 3.537414746279965 1
 -3.583296365628041 3.022077472561686 2
 -5.739023024835808 -4.724144477239154 4
 -4.395764126324697 5.430137693842521 2
 2.627931347870698 4.83231515964914 1
 -2.821043677012873 5.30196664643498 2
 -4.90185723726533 5.003747333851397 2
 -0.4140542060611072 -1.54509614957051 3
 -5.068978146522279 4.606427135572053 2
 -5.514983713405166 -7.04884295356947 4
 -7.823513638680494 -5.932568619728833 4
 -6.122614283395331 -5.88546418624566 4
 -5.836296077151434 -7.590171295461973 4
 -6.588658994552208 -7.081240279415473 4
 6.655675629968901 -13.71199022194267 3
 0.4960745662453492 5.647716858346771 2
 -3.448841949435557 3.067082267287194 2
 -6.638128137290069 -6.819874101852586 4
 11.73922458560782 -3.149663942990247 3
 3.609858126388875 6.540747542856002 1
 11.66510982023234 -3.213149423492396 3
 4.177677558158536 4.262751365862238 1
 2.94532294348843 5.621325173486758 1
 4.591838575705881 0.6805412401847462 1
 5.20701738259156 2.869717047312583 1
 5.278985247851783 1.859570950946625 1
 4.805474433664902 1.390820968646335 1
 -4.696977431042859 -4.441109055040559 4
 6.855560878860351 -15.66105161224723 3
 -4.376060761067006 4.117578611736965 2
 -5.682639075261694 -6.147994108505477 4
 -5.112430632488596 -7.626396899513104 4
 5.789080322527429 3.858793759302968 1
 -4.802359285456312 -5.501757769764119 4
 5.745872685420196 -13.10937246115559 3
 0.6366863080827344 -2.877965737981449 3
 5.572120775860625 -16.27481051208317 3
 -4.431392242907774 4.589374379878231 2
 -5.222576769496765 1.16208363075909 2
 4.783954333528343 0.5958505040284567 1
 -5.12125037368831 -6.132298021246879 4
 7.100475557750065 -7.649297095920139 3
 3.744344268037298 -5.161096827619276 3
 -4.139054593136638 4.474510666382527 2
 -4.471045613224307 -5.481282975390526 4
 -6.954872402641985 -5.51197885587381 4
 3.494820046420296 5.134633682461607 1
 -4.257908896391057 4.944179298557577 2
 -5.868540486570112 4.686266736987571 2
 0.6947042926775977 5.038884080667295 2
 -5.931363198154121 -6.889675881390335 4
 -5.424656313823728 -5.915924810087402 4
 -5.520447244333058 -7.170332773917276 4
 -4.388298136826805 -4.232621167815402 4
 -3.274825833697482 5.167761152322103 2
 3.967962495798203 3.381066342783184 1
 5.551575419047674 -6.94747927760521 3
 -2.787780223138813 4.817051632298778 2
 -6.328513329622612 -6.736464185541771 4
 4.843892083888838 5.347310023113295 1
 9.234751390157495 -4.150329024608486 3
 -7.088229444288053 -7.834337513590985 4
 -3.89585512412794 3.159431417932922 2
 -5.770101263548792 -5.820489749884349 4
 -5.746085482630299 1.907847469497692 2
 5.2631233160951 1.717587855364181 1
 8.457750943536523 -5.932124591689683 3
 -3.766797411846865 6.489043963244336 2
 -6.206059200470342 -0.4290400044953148 2
 3.752775499592954 3.625735102828351 1
 11.2340387510606 -0.4484199413475671 3
 -5.476187778160945 1.322906598897606 2
 -2.955050906778583 3.465709152690563 2